   1        -3.7980   -1.1374    4.6381    4.6381    7.3840    9.1950    9.1950   13.5683
   2        -3.8372   -1.0810    4.6431    4.6431    7.3914    9.2008    9.2008   13.5775
   3        -3.9457   -0.9211    4.6581    4.6581    7.4090    9.2198    9.2198   13.6034
   4        -4.1028   -0.6784    4.6830    4.6830    7.4374    9.2463    9.2463   13.6434
   5        -4.2887   -0.3738    4.7177    4.7177    7.4767    9.2797    9.2797   13.6908
   6        -4.4866   -0.0218    4.7624    4.7624    7.5273    9.3169    9.3169   13.7329
   7        -4.6873    0.3647    4.8162    4.8162    7.5883    9.3510    9.3510   13.9899
   8        -4.8836    0.7794    4.8800    4.8800    7.6595    9.3781    9.3781   13.6565
   9        -5.0713    1.2174    4.9533    4.9533    7.7403    9.3899    9.3899   13.3575
  10        -5.2476    1.6741    5.0347    5.0347    7.8294    9.3763    9.3763   12.9791
  11        -5.4104    2.1469    5.1240    5.1240    7.9260    9.3308    9.3308   12.5459
  12        -5.5583    2.6317    5.2205    5.2205    8.0273    9.2535    9.2535   12.0880
  13        -5.6904    3.1264    5.3211    5.3211    8.1315    9.1451    9.1451   11.6182
  14        -5.8061    3.6236    5.4243    5.4243    8.2314    9.0140    9.0140   11.1414
  15        -5.9046    4.1185    5.5267    5.5267    8.3259    8.8714    8.8714   10.6710
  16        -5.9856    4.6011    5.6255    5.6255    8.4068    8.7298    8.7298   10.2191
  17        -6.0490    5.0544    5.7123    5.7123    8.4605    8.6018    8.6018    9.8076
  18        -6.0943    5.4492    5.7819    5.7819    8.4712    8.4992    8.4992    9.4761
  19        -6.1216    5.7356    5.8273    5.8273    8.4326    8.4326    8.4368    9.2720
  20        -6.1307    5.8432    5.8432    5.8432    8.4095    8.4095    8.4095    9.2079
  21        -6.1307    5.8432    5.8432    5.8432    8.4095    8.4095    8.4095    9.2079
  22        -6.1186    5.7608    5.7911    5.7911    8.3794    8.4765    8.4766    9.2883
  23        -6.0822    5.5350    5.6495    5.6495    8.2929    8.6631    8.6631    9.5043
  24        -6.0217    5.2084    5.4475    5.4475    8.1602    8.9383    8.9383    9.7968
  25        -5.9370    4.8217    5.2156    5.2156    7.9947    9.2741    9.2741   10.0889
  26        -5.8283    4.3984    4.9713    4.9713    7.8093    9.6525    9.6526   10.2711
  27        -5.6959    3.9527    4.7262    4.7262    7.6147   10.0583   10.0583   10.2221
  28        -5.5398    3.4944    4.4877    4.4878    7.4202    9.9593   10.4854   10.4855
  29        -5.3604    3.0276    4.2593    4.2593    7.2326    9.5907   10.9311   10.9311
  30        -5.1581    2.5561    4.0464    4.0464    7.0568    9.1881   11.3844   11.3844
  31        -4.9330    2.0829    3.8501    3.8502    6.8972    8.7904   11.8494   11.8495
  32        -4.6855    1.6094    3.6720    3.6720    6.7577    8.4119   12.3231   12.3232
  33        -4.4164    1.1377    3.5129    3.5129    6.6401    8.0612   12.8114   12.8114
  34        -4.1262    0.6687    3.3738    3.3738    6.5463    7.7433   13.3022   13.3022
  35        -3.8156    0.2047    3.2551    3.2551    6.4767    7.4585   13.7946   13.7946
  36        -3.4852   -0.2528    3.1574    3.1574    6.4342    7.2090   14.2911   14.2911
  37        -3.1359   -0.7020    3.0805    3.0805    6.4200    6.9941   14.7886   14.7886
  38        -2.7685   -1.1413    3.0258    3.0258    6.4355    6.8156   15.2789   15.2789
  39        -2.3843   -1.5696    2.9929    2.9929    6.4813    6.6699   15.7262   15.7264
  40        -1.9842   -1.9842    2.9819    2.9819    6.5592    6.5592   15.9661   15.9661
  41        -1.9842   -1.9842    2.9819    2.9819    6.5592    6.5592   15.9661   15.9661
  42        -1.9848   -1.9826    2.9715    2.9832    6.5606    6.5747   15.9501   15.9570
  43        -1.9867   -1.9776    2.9406    2.9868    6.5648    6.6207   15.9002   15.9300
  44        -1.9899   -1.9694    2.8911    2.9929    6.5719    6.6953   15.8218   15.8860
  45        -1.9945   -1.9580    2.8255    3.0014    6.5817    6.7964   15.7193   15.8267
  46        -2.0007   -1.9432    2.7467    3.0123    6.5943    6.9209   15.5982   15.7540
  47        -2.0086   -1.9252    2.6577    3.0257    6.6098    7.0661   15.4629   15.6698
  48        -2.0185   -1.9039    2.5615    3.0414    6.6279    7.2293   15.3172   15.5760
  49        -2.0306   -1.8793    2.4605    3.0595    6.6489    7.4081   15.1636   15.4742
  50        -2.0451   -1.8515    2.3573    3.0800    6.6726    7.6003   15.0044   15.3657
  51        -2.0624   -1.8202    2.2535    3.1028    6.6991    7.8045   14.8353   15.2502
  52        -2.0829   -1.7858    2.1515    3.1280    6.7282    8.0187   14.6694   15.1309
  53        -2.1071   -1.7481    2.0521    3.1555    6.7600    8.2408   14.5018   15.0084
  54        -2.1349   -1.7071    1.9575    3.1853    6.7948    8.4726   14.3353   14.8859
  55        -2.1668   -1.6629    1.8683    3.2173    6.8318    8.7110   14.1661   14.7570
  56        -2.2033   -1.6156    1.7853    3.2515    6.8707    8.9555   13.9972   14.5996
  57        -2.2444   -1.5649    1.7097    3.2878    6.9128    9.2059   13.8292   14.4261
  58        -2.2905   -1.5110    1.6420    3.3263    6.9574    9.4613   13.6624   14.2417
  59        -2.3415   -1.4537    1.5826    3.3670    7.0051    9.7213   13.4983   14.0659
  60        -2.3978   -1.3933    1.5321    3.4096    7.0546    9.9850   13.3343   13.8938
  61        -2.3978   -1.3933    1.5321    3.4096    7.0546    9.9850   13.3342   13.8923
  62        -2.5966   -1.1931    1.4345    3.5489    7.2156   10.7916   12.8455   13.4012
  63        -2.8362   -0.9641    1.4178    3.7048    7.3962   11.5842   12.3825   12.9782
  64        -3.1058   -0.7065    1.4755    3.8750    7.5927   11.9416   12.0817   12.9412
  65        -3.3945   -0.4203    1.5979    4.0569    7.8015   11.5233   11.8556   12.6384
  66        -3.6916   -0.1065    1.7749    4.2481    8.0170   11.1297   11.4867   12.3382
  67        -3.9885    0.2347    1.9981    4.4434    8.2316   10.7580   11.1178   12.0746
  68        -4.2778    0.6029    2.2604    4.6398    8.4357   10.4142   10.7669   11.8562
  69        -4.5544    0.9978    2.5564    4.8329    8.6170   10.0980   10.4406   11.6907
  70        -4.8150    1.4178    2.8793    5.0168    8.7617    9.8067   10.1348   11.5833
  71        -5.0561    1.8622    3.2244    5.1872    8.8591    9.5427    9.8535   11.5315
  72        -5.2757    2.3307    3.5869    5.3403    8.9048    9.3057    9.5927   11.5130
  73        -5.4724    2.8189    3.9591    5.4723    8.9075    9.0962    9.3582   11.4770
  74        -5.6449    3.3247    4.3342    5.5829    8.8774    8.9145    9.1424   11.3374
  75        -5.7921    3.8435    4.7030    5.6706    8.7604    8.8278    8.9514   11.0226
  76        -5.9134    4.3660    5.0513    5.7376    8.6341    8.7647    8.7808   10.5609
  77        -6.0082    4.8765    5.3628    5.7861    8.5358    8.6343    8.6905   10.0523
  78        -6.0762    5.3430    5.6154    5.8186    8.4657    8.5166    8.5950    9.6000
  79        -6.1170    5.7017    5.7839    5.8372    8.4235    8.4377    8.4759    9.3037
  80        -6.1307    5.8432    5.8432    5.8432    8.4095    8.4095    8.4095    9.2079
